2 0 249 
3 296 87 80 
2 180 85 
2 216 212 
3 167 108 75 
3 54 103 161 
2 116 259 
4 168 41 88 148 
4 164 72 294 162 
3 275 127 15 
4 184 8 203 95 
4 110 4 159 260 
4 34 7 13 285 
3 62 276 290 
3 92 150 273 
3 19 79 245 
3 18 63 213 
3 21 96 174 
4 99 133 227 105 
4 210 136 218 225 
4 134 220 58 107 
3 137 74 156 
5 246 144 57 200 232 
3 11 73 42 
3 14 111 207 
3 1 94 257 
5 286 24 125 129 224 
3 171 60 226 
3 32 284 282 
3 27 177 48 
4 44 113 39 128 
5 193 56 198 281 241 
5 261 91 188 29 204 
3 28 217 271 
4 187 38 277 214 
3 50 258 237 
3 102 185 121 
4 40 239 295 209 
3 23 140 25 
3 230 244 68 
3 3 170 114 
2 10 205 
3 6 101 131 
2 16 196 
3 5 112 242 
3 12 176 155 
3 20 265 145 
4 26 236 197 119 
6 263 267 166 146 254 82 
4 22 160 76 83 
3 35 106 104 
3 31 141 252 
2 43 126 
3 30 154 293 
1 2 
4 45 248 266 59 
3 47 143 49 
3 51 152 297 
4 9 84 274 183 
4 53 202 158 89 
3 157 243 163 
3 61 190 70 
4 55 142 228 256 
5 172 64 298 269 201 
3 67 71 262 
3 78 223 288 
3 81 219 182 
5 117 195 147 283 138 
5 86 253 235 98 292 
4 109 287 124 238 
4 90 93 181 289 
6 118 139 255 264 192 215 
4 100 206 279 178 
8 122 268 191 291 250 280 120 272 
5 115 66 233 208 132 
5 199 231 97 240 151 
6 222 17 251 135 173 130 
3 123 153 175 
4 37 189 247 169 
4 69 77 211 165 
2 194 149 
2 186 278 
2 229 52 
1 46 
1 270 
0 
0 
0 
0 
0 
0 
0 
0 
0 
0 
0 
0 
0 
0 
0 
