2 8890 6517 
2 8773 2736 
2 7013 7206 
2 2384 1855 
2 8670 5071 
2 4679 4887 
2 719 2591 
2 6252 7948 
2 1135 1880 
4 1178 8088 9569 204 
3 7109 2573 7813 
2 563 3202 
2 3654 9287 
5 6031 3321 6441 7937 9637 
3 3696 3539 4023 
2 3578 4796 
3 2015 3647 6600 
2 6321 2887 
4 9550 2660 4476 1403 
3 6403 5480 3028 
4 8758 9459 5891 8308 
3 7913 7575 5067 
3 9913 3358 6610 
3 1105 476 3507 
3 8878 6377 4818 
2 311 7110 
2 6039 1817 
3 9449 5983 7376 
2 5649 5982 
3 8184 6544 8345 
3 7862 5091 8722 
4 549 4948 7716 1190 
3 1776 2176 7678 
5 2735 1335 7957 8227 3638 
3 768 7227 8994 
3 3580 7468 7909 
4 3090 4435 2418 1626 
3 1560 9121 6753 
5 1209 7928 6670 1563 4027 
6 9313 2695 4309 9325 8965 4941 
7 5934 2465 2986 4644 9954 4390 1594 
7 3055 7929 6633 1866 6745 3760 2669 
4 4058 8102 3708 8563 
3 1040 6912 5903 
3 1269 5991 3207 
5 9563 6724 2944 9927 3246 
6 8292 2061 489 7911 1803 1159 
3 1273 4829 2053 
7 4078 7657 8950 6466 3249 3147 1339 
8 6381 700 5970 8520 8086 8459 1192 2445 
8 4758 6663 4143 6916 6228 5868 7325 9515 
3 5245 7804 820 
7 474 4842 5222 2589 6740 364 6527 
4 6541 268 3608 4471 
8 1867 7401 622 4214 3197 7020 7346 9377 
3 3693 666 2758 
8 5018 7429 6695 6263 6822 6913 8967 4325 
10 1992 2247 3555 9291 1323 9619 9090 7319 2212 2939 
8 5717 9679 3371 4687 1113 3168 2297 7433 
7 7119 7108 4011 8397 7304 638 4277 
8 7952 3629 7799 2316 3607 8204 3291 1000 
9 7561 8564 113 1838 7864 5161 7546 1778 3560 
7 5693 9581 2327 3457 9864 8306 7600 
6 3030 3692 6815 5343 1973 492 
5 187 6198 8578 1399 6285 
10 5324 713 3307 2135 3008 7711 1407 4352 6190 3559 
9 6412 9675 8395 5445 9670 3409 3651 368 5226 
7 7070 84 734 4494 1194 306 7239 
9 1757 3855 8640 7965 2432 7088 2166 4467 4646 
8 9084 2941 3442 3655 2917 1228 873 2528 
7 568 4066 4536 8711 3936 9921 8106 
9 1978 6689 8587 4150 1315 7455 9996 2718 218 
9 2519 1005 9979 957 696 9649 8728 5332 7581 
11 303 7040 8703 3025 610 5192 8787 8302 7210 499 8303 
8 375 8342 8189 4475 5500 8448 9483 7773 
11 9847 29 3149 1097 9020 7475 6965 4090 3640 3362 4469 
12 4379 3988 8675 4601 4346 6783 5860 273 6424 5721 3614 8824 
12 8731 9752 8840 8420 5381 3257 1724 5743 8557 7891 9252 3491 
11 6901 8477 5335 8175 6794 6694 7141 2788 7379 9763 1344 
10 1138 7399 3281 5300 6662 6607 4184 7140 7779 6686 
13 4071 1664 6277 1543 5440 8029 3138 6155 4112 8209 9512 9251 4557 
9 3167 117 3253 2774 9402 4788 864 7355 978 
9 1515 2883 7956 9283 5402 3826 1874 8968 9489 
8 3549 8962 2008 8179 1414 8290 7347 9868 
9 4839 2720 3869 9140 5235 9187 789 6879 7632 
13 4525 8708 6831 2571 88 9003 6160 9901 6649 4387 3092 3381 1555 
14 8329 3471 61 222 7709 3294 1605 4781 2123 2026 9640 1002 1844 5084 
13 9216 920 4098 9523 3667 4877 8458 5885 5562 872 1706 3656 9304 
13 9976 4637 2559 585 7318 4894 5727 567 2869 6884 4836 1146 8727 
10 297 1993 8406 1833 672 1406 5598 8104 9349 7025 
10 423 4008 5497 5086 445 4586 3546 6150 9925 8596 
10 6961 8509 5218 817 3990 1794 3068 3910 1208 180 
6 7229 6269 6418 9985 8071 9049 
13 9409 1888 2912 24 9207 7064 7156 5808 7810 6735 9503 4717 773 
25 9514 606 9888 5341 4495 8271 2324 6361 3918 1609 3236 5049 8254 1588 7494 2825 9557 6825 933 3685 1217 6744 8895 8885 3264 
13 580 6044 6654 9920 9636 493 4815 9815 127 6597 5829 9019 8000 
17 2949 6706 8518 3743 5716 741 2020 7640 6502 7877 5491 2422 7129 9463 1430 4520 4793 
22 6807 7861 1735 1815 9698 3564 9305 3333 2748 3276 7993 2512 2915 977 1835 2857 2706 8099 4830 4301 7519 4374 
15 9707 4742 6002 4059 5299 2507 477 1384 8566 1363 1959 9702 9105 2866 2486 
8 1879 1353 7198 1773 3104 8040 8192 9803 
12 6456 3239 3817 5902 9935 1860 8715 3989 7428 8739 7464 8730 
16 3156 677 7499 2576 519 5424 9626 8698 3697 9046 8158 8073 5858 5307 2288 8330 
15 1305 9393 157 4307 8559 372 2278 6843 1447 3575 8020 3049 4084 4411 9359 
15 2356 961 5304 2429 4618 554 8489 3410 4260 4537 4648 271 4048 3341 8364 
16 8310 2920 541 583 5406 2828 3245 7329 7224 825 5237 2031 7435 233 5513 7264 
20 3444 5769 4855 7463 1528 1066 219 7849 1492 2714 3103 9412 9556 326 8224 209 7152 1252 1246 9520 
14 4094 55 3527 5227 1013 5387 8262 2401 7114 442 6208 39 8111 5478 
5 726 4511 3758 3193 9824 
9 4984 4056 4428 7230 3865 3403 9385 5371 9723 
9 400 5027 874 513 6634 1326 4024 4070 2951 
13 9411 9799 6529 3596 9052 7846 8447 5359 5712 3334 2787 9186 8253 
4 1 1685 1381 5059 
16 190 2942 8435 1625 2511 1010 9485 8774 9666 3680 4405 5054 7730 6699 7122 1015 
8 699 902 4223 2928 1421 6173 1023 5886 
8 6767 1332 3540 3311 2523 7196 9044 7809 
10 627 8848 6851 4421 2742 3773 2731 7342 5553 9693 
4 0 5157 7831 6477 
11 4377 769 1512 4414 6924 9691 1142 5295 2112 7284 4483 
11 5615 2233 6485 1251 7117 730 8370 448 3830 1529 2430 
7 1024 9768 2791 2975 3603 7444 8402 
15 5971 6139 4693 3170 5990 4635 8573 1674 507 6200 7387 7613 9750 763 7017 
13 1651 8792 854 35 5662 7762 6746 1710 1693 9353 7147 229 3517 
10 2296 6404 3579 5358 1734 2899 7889 2717 4006 7458 
10 2436 1697 4154 6053 8614 4940 1324 1913 3230 5578 
12 2538 6849 5744 965 5954 9744 7916 5711 6515 9451 6349 7214 
9 5572 6877 1564 1206 23 4052 4678 4311 4695 
13 3005 4873 9852 3176 2838 4583 8277 2649 9579 6463 389 5272 2253 
9 1689 4164 8892 6409 3114 3325 2551 4528 1114 
9 4208 2079 2293 5698 7553 5777 4507 2751 9360 
15 1090 8548 8021 3066 5887 4493 8421 5847 6460 6591 4361 7368 4755 3883 4841 
6 3849 7768 8803 3396 1319 8553 
17 1883 4882 8149 9166 4706 9452 200 5746 3601 3462 3445 7193 6255 1863 7933 7684 6960 
17 5654 5034 482 1524 9633 8449 2641 2338 9804 9158 1518 9240 408 9231 2654 8051 1140 
10 2006 8323 9845 9820 2518 8035 6245 5732 2346 8433 
18 1852 5517 2143 47 3779 9830 1627 1721 8273 7729 4099 3278 3635 5986 6264 3926 4926 4949 
24 6900 7186 8932 6658 7512 1170 328 3024 41 5955 4575 3368 6454 5650 6512 6034 4064 4871 7633 5133 7506 6665 4898 9690 
14 2531 8783 9347 8376 6558 5466 481 3426 7867 9071 7097 7028 310 1022 
7 1100 6752 6669 4807 8348 3729 6143 
30 1227 394 6135 7704 2536 9128 4661 7585 502 846 1634 267 1369 2754 867 5045 7842 2978 3977 4997 1736 5384 2168 7095 5597 471 5625 4901 2243 4133 
6 2074 6951 6903 908 7453 2709 
15 2313 7293 1784 9406 8736 739 9851 3891 7248 4863 4003 4629 1067 8139 7182 
6 2642 6125 7372 6076 1376 2502 
13 2426 4194 1121 212 6340 8187 8915 8536 4828 6089 2835 8793 5968 
12 3384 8426 5425 3354 8653 4953 5214 1676 9418 2007 3185 4760 
10 3029 7398 3067 5541 3188 6550 4666 4450 9346 641 
12 4455 6410 3833 5917 6647 881 6114 2343 8931 2099 3111 3286 
13 5856 6304 1995 2782 6536 5628 9738 7792 2335 8546 7972 7713 7133 
6 3572 6206 9191 3739 9249 1545 
11 5875 9246 9137 6168 9627 4228 164 8085 4065 1061 2620 
15 6110 315 2711 1970 7373 4207 3345 1846 1281 5764 582 388 613 9798 3367 
13 5487 6164 9267 9890 6786 8795 4875 5830 8761 7275 6319 1027 1713 
15 1637 1438 9473 8213 9405 4885 9306 8902 951 1640 7934 95 3530 7075 3870 
14 4437 9544 457 7314 6327 9897 9737 8239 5941 9474 4351 152 2541 3791 
17 658 2603 5881 2357 6952 8713 3329 9282 332 5377 4913 6762 6251 7501 907 3824 437 
13 3208 6780 7357 7471 9495 3557 2896 3802 7209 6615 5374 1785 1284 
15 3148 7180 6239 1218 2537 6430 2132 5495 7316 8505 9810 928 189 129 4588 
15 945 3424 6747 7677 498 9011 2333 2000 382 1949 4397 1297 3086 5296 6520 
5 10 2710 2693 1435 5979 
14 7188 6656 8024 9974 6004 9806 7927 1655 1755 1365 8768 8245 4420 3388 
8 6068 4200 9255 2690 4255 2171 1922 9910 
7 5189 6192 6493 3317 839 7662 5441 
20 2738 7687 6123 1630 3160 4170 4624 8586 8207 6601 3512 2128 4347 8188 1199 1168 5120 5780 2463 5618 
5 15 3232 5344 7760 722 
12 2106 1530 277 720 5017 7082 982 2036 1352 4404 8719 3861 
8 1635 3430 8440 1177 9286 2981 3225 807 
15 5510 2784 9274 3510 9487 497 5621 3669 4615 3930 3432 8511 1960 384 9530 
12 1593 1372 5393 6875 565 9030 428 2059 1565 5593 4138 8119 
19 5213 5948 7104 4546 9401 6741 4848 318 313 7994 4088 6280 342 3949 698 174 4580 9600 5599 
16 3951 8484 5710 2118 9874 7557 7226 8529 8856 2126 2771 9151 6907 4329 9048 2806 
24 19 7320 8055 4910 8629 6420 8554 8940 7534 4415 3906 9644 7924 6522 6678 1322 2029 8064 3809 3694 6154 7676 5474 4298 
21 1186 8588 9819 2250 9297 4645 137 4944 9949 6416 7340 3387 3081 3504 8762 5506 756 6958 7590 2002 5784 
15 1267 9559 1904 7337 7211 5540 8028 6904 6038 6728 9363 4651 2057 3296 8047 
12 2230 4080 3490 9289 1977 3785 3429 6737 6313 3476 5919 6090 
10 1869 5554 435 2198 2470 7686 3414 4035 4838 835 
15 57 98 6567 2984 7411 643 4123 3315 3829 3547 1797 5532 5104 77 923 
6 21 2680 4204 3305 8788 1087 
3 26 8903 7061 
9 661 2957 5516 2455 9926 7380 5352 1143 7362 
16 608 6765 780 4720 9680 989 8190 2954 6197 5298 3502 2861 1338 1956 6521 5697 
19 66 3477 3054 8298 5782 935 6378 2684 4074 7175 9688 9895 2672 1694 8162 7450 3503 3526 6995 
10 40 4595 4147 3169 5382 9862 2534 4550 5742 8913 
13 69 4826 7102 2741 9012 1537 636 938 7990 1131 8572 706 1653 
5 97 8998 5959 6238 5573 
17 105 2173 3439 4930 5582 7718 6733 7315 9964 5851 264 4174 1484 5549 4820 3611 1887 
19 32 8346 7277 8937 397 9613 6062 3846 538 3227 723 6184 6759 1354 9663 6099 5485 322 9311 
4 81 5914 5969 1478 
13 76 454 6495 7068 8048 1654 3023 4936 4811 8141 3014 1575 2880 
17 106 9620 5221 9659 9508 536 546 2906 9456 262 418 9726 4239 5840 6830 3797 8251 
17 1054 9109 1046 9647 1110 7697 1595 8597 5182 674 1048 6932 3811 592 3088 8753 9938 
9 74 4862 3570 1746 2121 1459 9366 5985 5190 
20 892 5890 5636 6473 9965 3537 5920 4205 1245 8945 4819 2977 584 8704 4381 9509 9601 3887 4310 9811 
13 5006 6756 1260 7174 150 2973 8970 3191 2842 9889 2415 4317 9914 
15 1276 1240 9586 6402 7191 379 1660 8617 767 2760 4768 7247 1818 9843 4321 
25 2520 9087 3976 2495 284 8464 4017 4403 1745 6475 6680 8410 6301 9331 5482 7521 5099 8281 1007 9439 762 7476 6193 1285 8046 
24 530 4794 2539 7631 5816 6645 3468 5409 9100 9229 5317 1289 7354 3178 4881 8845 2815 5492 8948 2847 1701 3184 5788 9334 
10 46 7041 5088 2831 5267 9539 7080 5444 3298 7181 
22 4935 3017 3050 6202 3615 5124 984 7829 6925 2882 5481 7680 3788 7771 3300 522 5401 5257 4991 6145 5376 1293 
7 102 5724 7477 5679 8605 2308 9099 
18 206 4761 5626 1792 8989 3778 9070 5888 9836 369 601 293 7782 6363 3609 3649 6769 7482 
8 92 6425 3636 348 5557 4532 7383 7621 
9 100 856 5169 2556 6380 7392 243 693 4868 
8 85 3194 3181 9179 8413 1819 4523 1998 
12 3 9822 5168 9880 4438 5950 1615 6760 2998 2298 1758 2307 
16 11 2513 3946 7627 6509 3213 80 2499 1333 7382 5011 1173 9271 7100 3820 2544 
11 37 3915 7189 4810 7659 2487 581 3312 3848 5144 9058 
28 1030 7612 7638 3991 8766 3375 2999 645 6966 9761 3993 1872 4824 1768 3624 1486 9143 8248 5778 2595 7583 7624 4005 2491 7524 4931 1658 5399 
6 91 5291 7535 2191 6583 4022 
13 4233 6547 4973 9199 3532 5539 7643 3117 3135 412 2246 6581 5975 
23 8630 8699 8979 3461 8462 6804 7666 1830 9654 9869 6474 849 6927 459 1415 4211 1239 7830 6223 5872 8571 4492 4987 
17 52 4939 816 6820 202 3597 1666 2350 6937 9001 7767 7904 5563 605 9993 2628 7215 
12 30 4658 624 7037 9441 5877 3186 595 6709 8738 6443 6018 
4 42 8819 9740 644 
14 17 3454 6014 4359 6325 6226 3407 6049 8201 2579 7338 4116 5652 5825 
24 5112 9595 8574 4349 3947 7434 1843 7668 4872 4202 1051 8780 8661 6274 7921 1925 640 564 495 9624 3728 1849 4339 5531 
16 2963 7451 8832 3129 7446 3566 8682 5690 6159 4854 3751 5864 5419 7898 4419 6834 
17 4959 6457 8978 4630 3605 8835 8079 1908 417 1346 6523 9364 5909 943 5883 1680 1003 
22 6115 6189 8274 4482 8784 9735 9833 524 9322 2122 6681 5734 3074 3927 5828 5197 1526 6700 5095 8278 7042 8217 
27 6199 3196 7287 2147 9104 1503 9631 9575 3433 5437 8500 9438 5238 7062 7006 8027 7753 1836 6568 6267 6773 1782 9266 879 3903 9770 7105 
20 9733 8425 5113 8203 2657 8157 5748 5771 895 6261 1474 4398 2377 8373 9436 7113 4853 9344 1682 7522 
4 9685 211 2412 4604 
25 166 8786 1955 4299 7787 5285 2997 494 5241 7764 9641 1294 320 350 1827 9682 2222 3935 6612 1096 8825 1118 8070 9614 2862 
22 7116 4196 4502 168 9757 7579 4705 3122 5426 9516 4584 4433 2768 2004 7997 7930 3350 7305 8340 8726 9829 1107 
4 22 1791 5705 4417 
25 5060 6455 1221 533 4686 5158 6133 7085 4107 8815 714 3231 2274 3211 2545 3419 1056 630 1021 8619 7295 5130 611 5723 6828 
26 5818 1984 2424 3459 5369 2566 2216 7710 1777 6886 1098 4249 2373 6059 9157 8906 3508 71 9017 7688 8809 5198 1426 3041 1507 2090 
22 7000 248 2982 633 1256 4141 4245 4749 4470 6161 9298 547 543 4076 6235 5570 2844 2481 1586 6545 4332 2814 
24 8328 4673 802 439 7690 2577 6244 7882 3759 2937 3925 4224 5660 9079 2948 4168 6675 2872 7280 609 31 3134 5331 9906 
22 9469 409 210 3199 7203 6503 5116 5952 4636 8244 4335 3004 8153 420 9528 7844 3283 4354 4448 2251 1452 9250 
24 7249 8198 5507 7172 9002 3594 2663 2368 1804 7045 1930 9232 3216 8481 5610 8935 9762 2226 2876 269 4122 548 4189 8850 
21 9316 2681 5089 3632 2382 1102 952 7746 2477 8038 9741 5559 2501 4950 9708 5687 9245 440 7242 685 948 
22 9813 8309 6922 6029 7884 6575 9135 6247 2291 9687 819 9826 8014 5633 8822 6720 9849 6935 9257 9648 5046 2492 
16 6450 7574 6265 6220 6356 146 7816 967 199 6268 2740 1029 9941 9541 3256 8422 
26 7406 9543 6711 7430 656 5433 9065 942 5366 607 3215 9190 4957 9524 4441 1672 2413 7094 8172 6761 8716 5820 7053 8124 143 2961 
30 6836 7465 5663 8823 4115 6652 9457 5674 3165 7513 8843 1175 8037 8951 3592 6948 5106 4357 5805 6790 4176 4513 8354 8441 1249 2035 1699 8891 9467 2521 
11 6307 5025 9382 2056 9464 1587 6186 657 7778 1695 1546 
25 9602 7648 1527 1986 6413 2686 559 7344 6480 8237 7466 2670 4567 7871 5353 5080 2454 5462 7121 9502 973 995 5138 5545 6505 
18 3786 2783 2605 2904 6942 4657 3102 6346 6333 3940 509 3293 5094 5801 6104 2933 3705 446 
15 4867 5282 8868 4938 9042 4326 3205 6832 3782 3258 8952 5140 4730 2177 3749 
5 2 4558 7971 3709 5821 
9 25 2500 4639 4480 7478 257 8606 8633 913 
4 43 1554 9519 5254 
7 14 5754 3536 855 3322 4961 6434 
10 5 6315 2404 3237 3099 673 5893 5889 6311 6152 
3 6 1020 1230 
10 45 4030 8061 5185 4994 9301 4691 220 2255 5248 
12 34 5992 9533 8199 7827 5823 1982 73 4162 8304 6124 5179 
6 33 9181 2953 242 1882 2269 
7 28 6224 687 8565 6543 1127 89 
6 50 2443 4333 3917 201 766 
3 4 831 9639 
29 2626 4833 3821 718 2440 3583 1873 9610 7683 4605 2240 2192 5608 5134 8432 5701 8833 8665 3661 8852 5176 7378 307 1446 1408 3464 5961 5536 5874 
13 63 4964 2003 9667 6632 4288 7390 5044 7039 6626 6616 5460 5714 
3 27 8403 7015 
8 51 9258 1536 6032 2457 9351 4158 452 
8 36 4751 1726 7722 9642 3337 3941 7509 
8 49 859 3702 8452 4735 9443 7467 4865 
8 7 9381 932 8982 6514 1961 7123 8684 
4 18 2196 9661 4268 
6 13 652 4251 8778 3422 9088 
6 16 8999 5664 8195 383 2210 
5 8 2202 7069 1829 4962 
4 12 4000 4337 3440 
6 9 1820 2878 2858 8907 4416 
19 64 2781 3493 3818 2612 3075 8334 5062 434 6146 6382 7491 5030 5141 7863 3324 4996 5110 1547 
15 78 2859 1042 2991 4237 9076 4757 8276 5463 4886 5661 8424 2873 8861 6934 
15 93 5658 684 1525 4899 3525 2485 6229 9124 7423 7051 7918 4641 5294 3698 
14 65 4654 991 7599 594 1416 2966 776 7983 1704 3978 9323 9875 4530 
7 67 7386 2156 2851 6072 4559 3288 
10 90 3767 5763 6847 5326 5898 6687 7623 4191 2134 
16 83 6389 1905 5135 3650 2769 7497 5762 2096 748 5773 7946 603 3558 3856 3664 
12 96 4625 5810 6516 2685 7836 2258 9488 8658 9878 590 8375 
9 94 1388 6231 2619 2302 3001 5949 2593 5895 
17 103 9410 8197 1753 1291 1167 6880 3810 7056 3235 5051 7964 9399 9749 9525 9567 3836 
11 104 6801 1670 345 6542 7739 752 8249 5003 1652 5467 
17 109 128 5535 3541 7876 6293 5156 5511 3116 2209 3370 6357 8688 5622 3847 3161 7432 
24 3022 1223 3885 7663 3721 9492 5699 138 1787 7794 8995 2923 5804 2732 4409 6094 7071 9126 5346 631 4752 2326 836 9461 
26 1313 8133 5347 6729 1553 5994 599 415 7498 7562 7081 5097 1622 2894 4603 7199 5863 9423 1385 3301 7168 3427 3059 6559 7251 9069 
26 1628 1460 6398 8173 7732 7282 7595 2568 9607 5021 2653 3039 6187 4817 7728 5993 3031 8608 7826 7388 783 9296 7530 9736 336 845 
24 6003 5957 2167 9497 5756 330 8820 9968 8609 6873 8074 8431 6859 333 7945 3018 8528 3822 8097 4998 5202 6158 6994 1157 
20 511 8285 7870 3453 1311 7150 3986 1914 2473 6679 9403 4373 9840 4952 1043 9960 3911 5408 6964 5865 
24 4733 4602 3875 655 6272 6809 5279 9478 8110 3466 8493 9132 7286 5981 7879 6727 9989 9047 2155 4500 6792 9004 3533 868 
14 950 6141 9127 8194 4029 7843 3970 1598 8494 9270 2796 1094 8721 7655 
17 161 6213 8909 4089 254 9872 7727 3392 9375 9407 9900 2359 798 5813 3359 3771 3688 
23 2780 4153 3554 6563 1111 8445 871 1561 6106 8918 6856 515 9754 9919 3234 5000 8180 9966 5325 2257 1082 4488 391 
25 6058 9345 9182 4396 9705 5428 7642 8116 4858 5289 4270 6178 1448 614 894 4144 4051 1659 5555 2433 4747 5937 8503 9025 8921 
21 290 5719 1729 6638 9180 4643 7679 4773 5228 8691 2125 7483 1885 6775 5786 1808 4465 5653 8611 8905 8622 
26 506 378 8434 5678 3740 1325 4366 7414 2479 4279 5373 4032 3962 9428 850 6869 1091 3505 1793 784 441 5024 8336 8838 2816 6524 
12 3263 7255 9743 6538 3789 8806 2075 6850 5211 9062 6129 1018 
25 208 4101 4656 1079 7637 5584 5783 7034 7014 4406 5042 8904 2546 4971 4963 1730 1205 4763 3864 8478 9034 5362 3733 9312 7391 
12 115 1521 7811 5452 5708 8550 7507 6326 9225 1762 5561 2265 
23 241 2409 5287 6012 1480 1282 9604 2527 9758 7856 5219 8359 5136 2739 2749 9491 8837 9697 8384 3642 669 6999 3897 
23 830 3544 9118 8259 1215 6589 2406 6989 3909 4125 5730 7532 5072 1541 7720 1936 2034 8971 7184 3020 6348 3838 9876 
24 483 172 3666 8575 1272 1508 6188 691 1193 6218 1700 1523 7148 4312 1016 3061 6320 7970 5216 1487 5461 4577 4490 4177 
16 4980 9045 1500 6818 9712 6399 3839 2652 4503 4472 7770 3754 5117 9821 3827 4778 
14 116 5350 1578 7265 7233 5750 3254 810 1479 4181 7992 1549 2770 2252 
25 782 419 5012 9130 4704 4782 5457 6672 9159 8988 2037 2565 3470 1203 3428 2371 6617 2488 9253 9437 8352 8369 1894 432 7241 
22 596 266 2352 7438 354 2290 8510 6864 2407 9795 9299 8755 600 1763 3996 2063 3492 9961 1663 8365 6955 6185 
15 4225 3602 9625 2916 3921 3435 7558 2969 9284 1934 4628 4119 8599 5281 251 
24 381 9064 3058 3105 3701 4709 5815 8743 3173 742 5733 6588 7096 6683 5936 1926 1153 5905 4753 3844 5745 7625 2203 9005 
25 3866 6329 6021 6360 2967 5453 9657 9262 708 9817 1431 8312 7761 561 134 4517 7288 2852 9040 3889 5918 1356 4054 7705 5790 
22 8351 7086 5686 6984 4990 7874 120 5100 9729 4802 5340 3968 6452 4533 3013 4925 6397 6432 4600 6576 1327 7410 
21 9078 5205 7580 9549 3783 3840 6498 1232 7988 8667 2323 880 1075 8650 9221 929 3805 8946 1915 1187 2448 
23 8382 3816 5668 4285 5303 986 9923 6698 7135 6630 5394 4016 8293 7016 7749 6726 4188 5181 5505 6889 3252 5669 8543 
19 615 8747 3083 376 1201 6305 9731 118 3062 4786 7490 9357 8026 361 6064 7529 3813 6868 240 
24 975 3108 3966 7685 3051 8167 5803 5107 7682 5064 9230 5247 1842 1071 4856 4612 4972 576 900 4983 4700 1095 9484 2038 
20 225 6078 4371 475 9156 6883 7629 1781 8159 4992 8307 1253 8986 4165 9973 1216 3265 9454 3275 4348 
23 7975 5090 8637 5602 4291 3036 2585 9564 4744 230 9054 5564 6056 8969 9958 8927 3389 8031 8299 2795 9909 8218 4823 
24 7236 3717 8772 2639 5656 529 7737 9138 1433 9392 1854 9021 1548 8496 8004 8017 2120 6621 4218 8625 7649 1128 3229 7356 
28 5757 3073 3585 3398 6985 7785 1436 5844 6426 5074 990 3524 5420 7363 4915 6478 4114 4498 2945 953 2889 8451 4769 9507 3787 8508 4432 2659 
24 9805 7243 2881 9511 8791 6023 4355 9812 3691 1117 5105 8851 9440 1394 3731 5589 1533 6899 1092 7426 5316 3959 9635 6060 
17 112 5630 1073 8076 151 6928 9324 4340 9518 4974 163 1225 667 2905 4697 7731 4220 
12 114 9683 5385 8561 5098 4261 2131 1772 3898 5493 9404 1718 
25 9696 9254 9634 6749 9477 9341 9576 7665 1443 2234 5036 4235 7635 1368 8427 7107 8186 7944 2466 8107 6725 1935 3633 6371 3713 
9 110 7023 9531 9384 9211 7027 5787 5147 9967 
24 697 3200 2305 4137 4914 9951 6009 7503 7187 7492 2875 3992 8785 2793 3163 2144 8117 4236 4599 7031 6302 7899 5348 1254 
28 4109 9320 1200 3411 1723 2442 2077 4652 7912 6618 799 5632 883 7164 8807 4322 4851 4892 4263 205 324 9755 1847 5432 8467 9396 2100 6467 
28 135 6710 4246 3220 572 4585 3319 9742 2115 1504 2315 1590 808 6874 1702 5850 6611 9603 2066 1124 6097 8944 2965 2219 5431 2300 4900 2625 
18 141 772 7941 5001 9790 7334 249 1519 1166 7125 2811 6564 5634 1080 7878 8137 7393 6080 
27 245 3475 8816 9562 4410 6119 2119 1453 9429 833 847 8687 215 8339 508 3776 6282 1432 3519 4175 4212 5551 8468 4473 176 6241 840 
20 753 5375 8671 8996 2330 1470 7672 6462 5171 6362 1858 5772 2624 8058 2638 2886 8216 702 3277 2321 
19 422 5853 1667 6013 6121 9701 8620 9784 6116 9929 3598 3361 8887 919 7788 6988 3630 4779 5646 
24 761 9116 7442 3938 6805 578 8827 286 2645 458 8366 6692 5925 7734 6949 9807 4183 5781 7157 4640 5410 9608 3723 2845 
22 823 8854 1222 5170 178 7246 4274 9908 7610 4043 2936 2753 6528 9739 6075 3198 9193 3465 9986 7954 707 4308 
21 704 7134 9481 7162 7903 4884 5092 8284 8335 6827 4541 7582 1463 9756 8344 654 6065 301 4479 4341 7252 
23 832 1496 5913 7847 7197 9681 1466 5684 6921 7009 4989 3700 470 1720 9295 9957 866 8900 1919 6355 1377 3730 3931 
20 751 6222 7176 8741 275 9379 8540 7588 4572 5484 5145 4726 736 4442 5073 3098 4570 3000 5416 4243 
21 531 6024 6066 6902 4888 4756 3482 235 3574 959 8881 7854 7815 8663 6157 362 8523 8152 3971 4178 3042 
23 552 5566 6336 1331 4400 4623 6041 4453 7516 5583 1045 6772 826 1053 5268 7352 4626 6891 8714 6499 8490 8222 4719 
26 660 7479 4485 2497 1859 9177 9319 4117 9264 8212 6982 1106 1761 4902 7397 1786 815 3242 9415 651 4367 9339 1144 1379 5657 2615 
21 617 6026 4063 9858 7103 6580 9844 285 5603 1964 2667 2552 6077 5761 8473 8975 3206 1542 9714 8080 9915 
27 665 6352 7554 4250 9947 2217 9263 3057 2602 6331 2052 9333 9987 153 3145 7940 747 888 705 1812 8174 2013 2211 2656 4210 8215 6227 
25 119 2934 5477 8419 3807 7208 6584 6484 3904 1568 1428 5004 3447 946 814 1296 3852 9431 5035 7989 2145 6631 1764 165 2564 
19 156 6659 5070 3905 6566 4582 4477 5083 6423 9102 5793 2381 2812 5604 6867 3356 5230 6919 3545 
21 553 2809 8182 1942 5172 3141 122 4060 7488 9480 8170 8839 914 6673 2637 488 5688 8363 2411 5988 632 
17 377 5008 9981 3722 5123 1130 3395 940 5997 4745 8389 9063 9290 4077 4275 3586 9956 
21 252 8368 2558 979 8876 1391 5702 9026 1320 985 4845 2587 4148 486 3957 5203 6330 7268 6768 7568 6492 
21 353 8485 8742 8860 3082 2025 8693 6682 3438 7743 6561 207 9877 860 5365 5749 3455 3741 8552 5977 8648 
22 380 1733 6969 3952 2867 6367 886 7570 2437 5779 9748 1918 8598 8457 6022 8333 6105 9057 8082 7784 5334 7348 
20 444 2790 1943 3372 6386 8288 4012 7520 9978 3590 4487 7511 1623 6046 8893 6300 8332 8423 9990 60 
21 425 5076 7010 1752 6359 2715 9583 8387 7012 2085 8757 6578 964 8295 6941 5930 6489 9398 8001 8265 8497 
18 629 2180 5910 6000 8624 9228 6622 7130 1237 1740 4368 2895 9883 1214 6207 1744 1868 54 
19 542 4372 7573 3765 6243 4209 2498 5031 6540 9732 450 3019 3681 755 9220 1636 8934 1892 9931 
17 775 2640 2675 6081 5240 4981 7793 9167 9848 1853 905 7703 1262 7218 438 1064 9765 
19 352 1985 8018 8615 1513 7560 9780 8006 8221 7592 4025 4380 3285 1077 7436 1076 5931 321 5037 
19 659 2525 6719 3434 6085 9785 5372 1566 9943 2237 3516 9006 5521 4378 4680 5753 7044 9599 5896 
21 300 9273 5962 1831 6297 7754 1065 4552 7726 5747 9056 2687 5053 6894 258 2349 6153 8623 1576 7968 1306 
16 147 6648 2630 4163 7077 8646 4173 4468 8958 2242 5339 5928 6661 3484 3890 6365 
19 294 2261 3867 876 2444 686 7403 8115 7419 4722 1571 5707 427 9010 1086 393 3662 2786 1558 
23 709 2076 1884 3623 4244 7698 3499 6140 3210 2979 9368 7987 7195 4932 5164 2752 5085 9174 944 7980 1074 3620 1559 
17 462 7628 821 1309 5907 255 4840 8857 4073 9053 3711 9760 4647 8929 7146 1378 1288 
14 126 4698 9337 1181 8516 5980 3431 3132 5912 3240 4252 6518 7228 3857 
20 175 9570 4834 7777 1176 2021 7707 9153 528 3076 3832 3684 6696 7089 3084 7358 1788 828 8641 1805 
19 715 8953 4587 3974 1198 6824 8745 5320 5166 1229 7050 9664 2469 8202 3180 1350 899 1848 4531 
15 133 6548 456 556 3595 8689 6577 2050 3548 2098 2697 1035 3792 3884 2273 
9 516 1891 1037 1411 1126 4427 4015 8430 4095 
22 649 2776 4800 1963 2174 5878 2931 2580 1551 3374 2678 184 3956 3577 226 727 3179 9206 2165 5884 1570 8279 
21 374 7425 8782 4561 5041 1461 1008 3874 8974 6142 6225 2584 8151 2826 9855 7408 6322 6314 4269 4242 4662 
20 130 8296 7984 1709 8343 4685 9136 7106 4762 2380 3223 1397 6624 6766 5867 1014 7577 3158 1277 980 
20 244 4195 3393 4832 8272 2805 2947 4135 9534 647 2943 3087 8880 1703 2522 4510 2617 1813 8147 6439 
12 193 7769 8659 8926 1396 1979 8760 8656 5479 1789 1427 4127 
25 159 1355 5627 2178 2810 1799 2044 1104 890 6374 7935 6165 5556 363 6947 1769 588 9885 7708 7832 259 2822 2337 5159 7681 
18 121 6771 1643 9433 987 9000 9553 4449 9083 9788 9122 7607 7835 6015 7660 6294 1312 1562 
14 155 5904 9946 7550 785 2283 5580 5767 1514 5817 5676 3665 7906 8612 
10 125 1756 9348 9704 8679 3330 3745 5121 1751 1242 
12 160 2428 5648 8818 6468 5677 7978 9024 1347 7951 3522 2853 
14 139 9275 4464 9835 2405 2127 9955 6895 1987 7744 2182 6569 1966 4446 
11 149 1116 2054 5785 6860 1821 4412 3523 7427 8879 8156 
13 132 2478 3091 5924 1881 6074 9591 5989 3716 1633 1093 2540 1898 
22 177 8094 2745 3648 8444 6641 5380 8160 4278 6318 3155 7330 9028 4262 6180 6936 6217 5842 451 2113 8374 1213 
12 162 1976 7798 3954 4254 2728 2175 8790 1258 298 1085 2334 
19 514 1864 1004 4104 1902 1861 1947 2213 1937 1163 7960 4082 558 75 3703 2940 6212 9865 231 
26 646 292 6446 9617 1862 3531 550 9089 2104 4426 5503 2468 8353 9506 6483 2489 8010 1933 7290 648 8206 571 7828 148 5575 8036 
15 124 6385 8003 544 7591 9587 351 6306 7469 2820 4556 8541 2421 2750 8942 
27 1489 6128 4020 7190 2041 6392 6537 6716 9751 9912 4613 4689 2722 510 2611 2561 7461 6344 2001 2070 8411 4859 6976 532 8083 5629 5760 
23 842 3972 7883 6764 9037 4007 7364 4344 3859 6596 5101 9160 4701 5852 2048 5645 7646 3272 6914 8959 9555 5682 8232 
22 2480 7019 3584 280 8938 4128 6838 9018 8325 9233 9863 2668 1440 1171 4459 2139 2995 4231 8275 6840 5775 6350 
21 921 4481 2187 9033 4594 7614 724 8193 1255 3645 9630 8161 2549 5336 5412 712 6464 3413 7742 3850 8196 
23 3119 8191 1422 2107 2907 6519 5534 7065 9444 1292 4850 1535 2763 5357 7431 5354 3143 5533 3012 1708 4759 4399 8499 
32 6069 4376 1580 9871 1910 9202 5866 2464 3026 2270 7278 1686 8991 2467 9678 3339 1468 8593 4947 2713 6962 8347 4889 6866 7658 5355 764 4230 2843 579 750 2650 
26 2060 4028 6896 8652 2702 2543 1464 7312 395 8177 9185 8127 9113 8911 589 2069 5191 1025 7328 1360 7606 8685 1801 4506 1088 8377 
22 1845 9645 3338 9896 2921 843 3714 8576 8476 1945 1119 5103 4631 1389 6303 5327 1026 8526 1238 2908 9172 8744 
27 2651 2570 6814 5838 2673 8030 5465 5260 8662 9593 6262 7046 3085 2011 304 4982 9653 1280 8015 3171 9123 5361 4041 410 5175 1540 5538 
24 8155 3038 7840 2355 9561 6582 7271 4734 4539 1310 2837 9460 8829 217 9244 2868 6117 9413 4812 5078 4977 7154 3571 3204 
22 2207 1263 992 4792 8506 4491 6882 6134 6808 3625 2358 6396 8471 8525 9592 8356 4548 7359 7801 8538 7733 302 
24 6101 9832 1250 4920 7274 3901 8407 4014 8326 694 5102 288 7605 2354 8065 861 9051 8460 6176 1825 8053 4193 3637 9281 
26 5234 6316 5601 9068 2362 1412 3326 2320 1539 5635 7259 3247 1932 7353 4754 7853 1321 6668 6646 4108 1506 2197 4672 8666 7673 9573 
25 4139 6842 8042 6216 7922 9537 8542 4113 5700 387 9983 9029 6102 4608 3774 6791 5834 7437 9606 2993 7917 6051 1202 8238 6533 
25 1233 1997 2181 6526 4034 7043 3542 8801 4072 7630 2596 173 2398 7790 8749 3034 4960 5671 2097 2655 6291 1287 5811 962 2658 
23 2033 6132 3451 5835 5799 6120 2802 2375 4019 612 9706 7462 912 4675 8584 9893 1236 5378 3011 8866 6614 6911 464 
23 2105 9527 4356 7309 2394 1348 8987 6806 5670 6211 5527 6042 5738 2462 6259 9772 5096 9197 5736 5812 8113 3712 818 
21 949 6476 865 6898 8316 3121 3079 1946 5005 6777 1696 1707 3515 2088 9243 6586 3804 8322 6384 421 3313 
19 1349 6967 8300 7715 8504 9962 8214 4045 6451 4365 1679 3689 2582 9184 2683 5363 9465 6603 3762 
29 2952 8955 9419 8796 2140 2235 4328 1152 9859 4775 1790 8883 3534 4159 2909 5349 7538 2263 4238 198 8126 7038 7932 2692 7540 3238 4606 994 3934 
30 1550 7323 9450 4297 1386 3112 6270 9684 6422 5193 1779 3798 5486 1424 3137 1458 3738 8081 3660 3497 5607 4118 1795 4808 2879 9120 1462 7052 3825 4013 
29 8059 8831 7759 9134 2434 1494 9505 6657 1981 7341 4777 3999 319 1235 1283 8165 5114 1743 3895 2849 5002 6781 593 3600 3718 811 5333 3480 1602 
29 6718 8146 2992 2399 5212 1684 3420 9538 9035 4384 7555 7609 3292 7145 6447 3496 3913 1606 9093 8568 3563 5926 8286 7485 3613 7969 5286 5524 7024 
27 3879 8681 7448 1211 4256 8263 7167 6848 1624 9077 4219 4280 3752 5154 2370 5397 8964 9358 5109 7851 7526 2249 587 1809 6191 2410 7820 
28 4869 8128 4659 2482 8034 5082 2856 8737 9101 3124 5451 3981 5619 8446 6674 1875 9175 1342 904 1241 6428 2801 1083 5544 1878 9794 2677 7496 
30 1601 9164 922 4171 1613 853 8800 6705 5792 8266 365 4486 4086 9652 4221 2294 9218 3599 7505 7800 9535 8270 5165 4182 8095 2310 8226 1731 1456 8594 
25 3663 6739 9209 1169 5809 4924 8798 7296 5167 2364 7796 909 2950 4708 195 5703 5392 191 7859 3715 4501 6606 6715 7489 6250 
